                                       fitness                                            size                                        fitness_elite                                      size_elite              
                 ----------------------------------------------------    --------------------------------------    ----------------------------------------------------    --------------------------------------
gen    nevals    min           max           avg           std           min    max    avg           std           min           max           avg           std           min    max    avg           std       
0      50        0.46183       0.86764       0.72914       0.1164        1      6      3             1.5232        0.85207       0.86764       0.8602        0.0063879     1      5      3.4           1.6248    
1      42        0.5           0.87524       0.77072       0.10911       1      5      3.04          1.5487        0.86319       0.87524       0.86783       0.0039959     1      5      2.8           1.833     
2      41        0.5           0.87524       0.81853       0.069947      1      5      3.32          1.5677        0.86296       0.87524       0.86764       0.0041033     1      5      3.4           1.9596    
3      43        0.5           0.87817       0.82588       0.066824      1      5      3.32          1.6055        0.86296       0.87817       0.87337       0.0053261     1      5      3.8           1.4697    
4      32        0.75137       0.87817       0.85369       0.027201      1      5      3.28          1.6253        0.86319       0.87817       0.8719        0.0055775     1      4      2.4           1.3565    
5      33        0.63959       0.87817       0.85528       0.042686      1      5      3.34          1.7042        0.86319       0.87524       0.87201       0.0046869     1      4      1.8           1.1662    
--- 782.7230110168457 sec ---
